$ANSIBLE_VAULT;1.1;AES256
39623562303466383331303131326633653365656163663064353961636266623864643331396139
3663363637666432653830373239333239366565333433370a633732303430376131663739663130
34653239343333396336343136356163626533393734663530303262643734656230333236343730
3761303462383966350a643065366535386164663538626164666662323231316430633166306235
32646632393861643135383139376337386661616263343134633738313534646132343565363662
65373266633837326663393939343131396334623139646338323231383935356463373761343537
36666135373831623530616436363030613531383463303838336465306433626564323163353961
62326634303332303366623731373165663537636436373134646236393362626531373164383732
36366131386238313635366465303639323562396539666630366462396133386631356665666537
38373834646464326664343830393231303534376132343564613039646236363961356665383435
33623266653965653733663964343835613032633361623035373464383130396163343761363264
61313231633132306633323262383162333632343664326330343636656139636263623862363466
38383064383436353436333734663535626362636463663633613339373131346431386539396631
37333534353535393038646661303733303238326637646430623866376534363966663137383338
36363262343861663533633436323833323435613661626332663739303961303938633233613834
37653532643862343038316536636436333030333934373337303265333034643831633039643365
31333731393435396635346561306334396664316637303630303836326338303264666365393062
31623538306135333432373364333735303966316365306566306165666433643461323863373461
31343764336366626131333161343839383839376638356662333037336632643836323861646465
32663935636164653039636338303964616566376662343336386464653435366134353531666233
36663932393763313466616639323163303633313835373563313563636339636363323138313430
63316262613437633633633962366131336134643563313439353937323434336335363334346132
63353236346233646230393466306131313262333865616531333633623033353435613130356237
62366665323035353033393235383433613865636439363738663232353835633562366432666631
36353462343863323737396538386365623639613130356362353263346566363038663439383736
35623931663836373066636231363638353865343435343939653761303138316631323537383462
35656138313461646537636166396337633237646366643338376462303930306261316266303634
62343831656330663137616131306638653562356564396238356165393631626337336437663262
36333236616136313062373836316662343035626163396165393834613033653863303836616338
62623866656333353933373132663962396563653237326363343834376166613635653733383064
30646139626431336134343361656230646163333062336634663436643862343466623766323836
33336131323937616236613431393463626365633831303866666639626239306132323132336365
31346239343633333937323433656563326463376134303235323633343034633663333166396134
32613833626161313937353062626361363062323964326265313134363864616431666461643935
32323864313965613837323733393836313362373962616534343162326638363037353663373339
63373566636239333561613164633534343064326466663430313538366666376133623666663862
3637
